:name
elongated triangular dipyramid (J14)
:number
58
:symbol
	@Y sub 3 @
:sfaces
9 6{3} 3{4}
:svertices
8 2(@3 sup 3@) 6(@3 sup 2@.@4 sup 2@)
:net
9 4
4 2 6 3 0
3 6 2 4
3 0 3 1
4 6 10 7 3
3 10 6 8
3 3 7 5
4 10 13 11 7
3 13 10 12
3 7 11 9
:solid
9 4
4 21 18 17 19
3 18 21 20
3 19 17 15
4 18 16 14 17
3 16 18 20
3 17 14 15
4 16 21 19 14
3 21 16 20
3 14 19 15
:hinges
8
0 0 1 0 2.8017557441356713
0 2 2 0 2.8017557441356713
3 0 4 0 2.8017557441356713
3 2 5 0 2.8017557441356713
3 3 0 1 1.0471975511965977
6 0 7 0 2.8017557441356713
6 2 8 0 2.8017557441356713
6 3 3 1 1.0471975511965977
:dih
3
6 3 3 1.2309594173407747
6 3 4 2.8017557441356713
3 4 4 1.0471975511965977
:vertices
22 14
-1[-1] .5[1/2] 0[0]
-.68301270189221901[(-1/4+(-1/4)*sqrt(3))] 2.04903810567666[(3/4+(3/4)*sqrt(3))] 0[0]
-.5[-1/2] -1[-1] 0[0]
.5[1/2] 1[1] 0[0]
.68301270189221901[(1/4+(1/4)*sqrt(3))] -2.04903810567666[(-3/4+(-3/4)*sqrt(3))] 0[0]
.81698729810778101[(5/4+(-1/4)*sqrt(3))] 2.54903810567666[(5/4+(3/4)*sqrt(3))] 0[0]
1[1] -.5[-1/2] 0[0]
2[2] 1.5[3/2] 0[0]
2.18301270189222[(7/4+(1/4)*sqrt(3))] -1.54903810567666[(-1/4+(-3/4)*sqrt(3))] 0[0]
2.31698729810778[(11/4+(-1/4)*sqrt(3))] 3.04903810567666[(7/4+(3/4)*sqrt(3))] 0[0]
2.5[5/2] 0[0] 0[0]
3.5[7/2] 2[2] 0[0]
3.68301270189222[(13/4+(1/4)*sqrt(3))] -1.04903810567666[(1/4+(-3/4)*sqrt(3))] 0[0]
4[4] .5[1/2] 0[0]
2.0857864376269049 1.2426406871192853 -1.5811388300841897
2.427538147163041 2.7173855585108761 -2.0375742946718279
2.585786437626905 -.25735931288071483 -1.5811388300841897
2.8357864376269048 1.4926406871192854 -2.9504452238471048
3.335786437626905 -.0073593128807146746 -2.9504452238471049
3.5857864376269049 1.7426406871192852 -1.5811388300841895
3.7440347280907689 -1.2321041842723057 -2.037574294671828
4.085786437626905 .24264068711928515 -1.5811388300841896
:EOF
