:name
augmented triangular prism (J49)
:number
93
:symbol
	@Y sub 4 @
:sfaces
8 6{3} 2{4}
:svertices
7 2(@3@.@4 sup 2@) 1(@3 sup 4@) 4(@3 sup 3@.@4@)
:net
8 4
4 4 3 7 8
4 8 7 9 10
3 2 1 4
3 1 3 4
3 3 1 0
3 4 8 6
3 7 3 5
3 10 9 11
:solid
8 4
4 14 12 13 17
4 17 13 16 18
3 18 15 14
3 15 12 14
3 12 15 16
3 14 17 18
3 13 12 16
3 18 16 15
:hinges
7
0 2 1 0 1.0471975511965977
1 2 7 0 2.002514169321107
2 1 3 2 1.9106332362490185
3 1 0 0 2.002514169321107
3 0 4 0 1.9106332362490185
6 0 0 1 1.5707963267948966
5 0 0 3 1.5707963267948966
:dih
5
-2 3 3 2.5261129449194059
4 3 3 1.9106332362490185
2 3 4 2.002514169321107
4 3 4 1.5707963267948966
1 4 4 1.0471975511965977
:vertices
19 12
-1.36602540378444[(-1/2+(-1/2)*sqrt(3))] -1[-1] 0[0]
-1.36602540378444[(-1/2+(-1/2)*sqrt(3))] 0[0] 0[0]
-1.36602540378444[(-1/2+(-1/2)*sqrt(3))] 1[1] 0[0]
-.5[-1/2] -.5[-1/2] 0[0]
-.5[-1/2] .5[1/2] 0[0]
0[0] -1.36602540378444[(-1/2+(-1/2)*sqrt(3))] 0[0]
0[0] 1.36602540378444[(1/2+(1/2)*sqrt(3))] 0[0]
.5[1/2] -.5[-1/2] 0[0]
.5[1/2] .5[1/2] 0[0]
1.5[3/2] -.5[-1/2] 0[0]
1.5[3/2] .5[1/2] 0[0]
2.36602540378444[(3/2+(1/2)*sqrt(3))] 0[0] 0[0]
2.5090514618420831 -1.38419716542331 -.16660909476485151
2.9811319459485206 -1.4300730201913782 .71375186670216574
3.013118911827701 -.55086383208997642 -.39348254279381726
3.1588813761031436 -1.3841971654233101 -.92668875015069629
3.3714238975378784 -1.8841971654233098 -.087149783465905233
3.4851993959341384 -.59673968685804453 .48687841867319991
3.8754913475234962 -1.0508638320899764 -.31402323149487094
:EOF
