:name
biaugmented triangular prism (J50)
:number
94
:symbol
	@Y sub 4 @
:sfaces
11 10{3} 1{4}
:svertices
8 2(@3 sup 4@) 4(@3 sup 3@.@4@) 2(@3 sup 5@)
:net
11 4
4 6 9 7 4
3 3 6 2
3 2 6 4
3 2 4 1
3 9 6 8
3 4 7 5
3 9 12 11
3 9 11 7
3 7 11 10
3 11 12 13
3 2 1 0
:solid
11 4
4 14 18 20 16
3 17 14 15
3 15 14 16
3 15 16 19
3 18 14 17
3 16 20 19
3 18 17 21
3 18 21 20
3 20 21 19
3 21 17 19
3 15 19 17
:hinges
10
1 1 2 0 1.9106332362490185
2 2 3 0 1.9106332362490185
2 1 0 3 2.002514169321107
0 0 4 0 1.5707963267948966
0 2 5 0 1.5707963267948966
6 2 7 0 1.9106332362490185
7 1 8 0 1.9106332362490185
7 2 0 1 2.002514169321107
9 0 6 1 1.9106332362490185
10 0 3 2 1.9106332362490185
:dih
5
-1 3 3 2.9578307874456163
-4 3 3 2.5261129449194059
8 3 3 1.9106332362490185
2 3 4 2.002514169321107
2 3 4 1.5707963267948966
:vertices
22 14
-3.59807621135332[(-1+(-3/2)*sqrt(3))] -.366025403784439[(1/2+(-1/2)*sqrt(3))] 0[0]
-2.54903810567666[(-5/4+(-3/4)*sqrt(3))] .81698729810778101[(5/4+(-1/4)*sqrt(3))] 0[0]
-2.04903810567666[(-3/4+(-3/4)*sqrt(3))] -.68301270189221901[(-1/4+(-1/4)*sqrt(3))] 0[0]
-1.54903810567666[(-1/4+(-3/4)*sqrt(3))] -2.18301270189222[(-7/4+(-1/4)*sqrt(3))] 0[0]
-1[-1] .5[1/2] 0[0]
-.68301270189221901[(-1/4+(-1/4)*sqrt(3))] 2.04903810567666[(3/4+(3/4)*sqrt(3))] 0[0]
-.5[-1/2] -1[-1] 0[0]
.5[1/2] 1[1] 0[0]
.68301270189221901[(1/4+(1/4)*sqrt(3))] -2.04903810567666[(-3/4+(-3/4)*sqrt(3))] 0[0]
1[1] -.5[-1/2] 0[0]
1.54903810567666[(1/4+(3/4)*sqrt(3))] 2.18301270189222[(7/4+(1/4)*sqrt(3))] 0[0]
2.04903810567666[(3/4+(3/4)*sqrt(3))] .68301270189221901[(1/4+(1/4)*sqrt(3))] 0[0]
2.54903810567666[(5/4+(3/4)*sqrt(3))] -.81698729810778101[(-5/4+(1/4)*sqrt(3))] 0[0]
3.59807621135332[(1+(3/2)*sqrt(3))] .366025403784439[(-1/2+(1/2)*sqrt(3))] 0[0]
-6.6705720233900917 -3.4456591469250414 -3.1007697090527694
-6.6427909129850389 -2.1588753686428251 -4.0191463844177387
-6.1523827493677614 -2.0699496213794153 -2.5186157967484376
-5.624742538180309 -3.3397845055588563 -4.2818841184904959
-5.2239200762104691 -4.061422354302873 -2.9333366891278681
-5.1065532641579784 -1.96407498001323 -3.699730206186164
-4.7057308021881388 -2.6857128287572469 -2.3511827768235363
-4.1476853863983281 -3.2209098025593781 -3.7303671420006599
:EOF
