:name
triaugmented triangular prism (J51)
:number
95
:symbol
	@Y sub 4 @
:sfaces
14 14{3}
:svertices
9 3(@3 sup 4@) 6(@3 sup 5@)
:net
14 3
3 12 14 15
3 11 8 13
3 8 10 13
3 8 6 10
3 4 6 8
3 0 1 2
3 2 1 3
3 2 3 6
3 6 3 7
3 3 5 7
3 6 7 10
3 10 7 12
3 7 9 12
3 12 9 14
:solid
14 3
3 17 21 16
3 24 20 21
3 20 16 21
3 20 19 16
3 24 19 20
3 21 22 24
3 24 22 23
3 24 23 19
3 19 23 18
3 23 22 18
3 19 18 16
3 16 18 17
3 18 22 17
3 17 22 21
:hinges
13
1 1 2 2 1.9106332362490185
2 0 3 2 1.9106332362490185
3 0 4 1 1.9106332362490185
3 1 10 2 2.5261129449194059
5 1 6 0 2.5261129449194059
6 2 7 0 1.9106332362490185
7 1 8 0 1.9106332362490185
8 2 10 0 2.5261129449194059
8 1 9 2 1.9106332362490185
10 1 11 0 2.5261129449194059
11 1 12 2 1.9106332362490185
12 1 13 0 1.9106332362490185
13 2 0 0 1.9106332362490185
:dih
3
-3 3 3 2.9578307874456163
6 3 3 2.5261129449194059
12 3 3 1.9106332362490185
:vertices
25 16
-4[-4] 1.15470053837925[(2/3)*sqrt(3)] 0[0]
-3.5[-7/2] .288675134594813[(1/6)*sqrt(3)] 0[0]
-3[-3] 1.15470053837925[(2/3)*sqrt(3)] 0[0]
-2.5[-5/2] .288675134594813[(1/6)*sqrt(3)] 0[0]
-2.5[-5/2] 2.02072594216369[(7/6)*sqrt(3)] 0[0]
-2[-2] -.577350269189626[(-1/3)*sqrt(3)] 0[0]
-2[-2] 1.15470053837925[(2/3)*sqrt(3)] 0[0]
-1.5[-3/2] .288675134594813[(1/6)*sqrt(3)] 0[0]
-1.5[-3/2] 2.02072594216369[(7/6)*sqrt(3)] 0[0]
-1[-1] -.577350269189626[(-1/3)*sqrt(3)] 0[0]
-1[-1] 1.15470053837925[(2/3)*sqrt(3)] 0[0]
-1[-1] 2.88675134594813[(5/3)*sqrt(3)] 0[0]
-.5[-1/2] .288675134594813[(1/6)*sqrt(3)] 0[0]
-.5[-1/2] 2.02072594216369[(7/6)*sqrt(3)] 0[0]
0[0] -.577350269189626[(-1/3)*sqrt(3)] 0[0]
.5[1/2] .288675134594813[(1/6)*sqrt(3)] 0[0]
-3.3961486644795056 3.7200328164022564 -1.9098828105381787
-3.2607319978128386 4.6460147500138509 -1.5574345377181522
-3.0458758547680682 3.8560468246298393 -.98316324759439355
-2.7208191595217559 3.0863282982496407 -1.5325916187426616
-2.7000921297752615 3.318446669224511 -2.5050583030531643
-2.6587762287837109 4.2900925579416395 -2.2722552462339761
-2.3085034190722736 4.4261065661692224 -1.3455356832901902
-2.0959608976375385 3.5530361323524479 -.90670348964761418
-1.9834467238259609 3.6563880397890233 -1.8949640544384583
:EOF
