:name
augmented hexagonal prism (J54)
:number
98
:symbol
	@Y sub 4 @
:sfaces
11 4{3} 5{4} 2{6}
:svertices
13 8(@4 sup 2@.@6@) 1(@3 sup 4@) 4(@3 sup 2@.@4@.@6@)
:net
11 6
6 5 4 9 13 14 10
6 19 18 20 22 23 21
4 4 5 1 0
4 9 4 2 6
4 14 13 18 19
4 10 14 15 11
4 5 10 7 3
3 9 12 13
3 9 8 12
3 13 12 17
3 17 12 16
:solid
11 6
6 24 25 29 33 31 27
6 35 36 32 28 26 30
4 25 24 26 28
4 29 25 28 32
4 31 33 36 35
4 27 31 35 30
4 24 27 30 26
3 29 34 33
3 29 32 34
3 33 34 36
3 36 34 32
:hinges
10
0 0 2 0 1.5707963267948966
0 1 3 0 1.5707963267948966
0 3 4 0 1.5707963267948966
0 4 5 0 1.5707963267948966
0 5 6 0 1.5707963267948966
4 2 1 0 1.5707963267948966
0 2 7 2 2.5261129449194059
8 2 7 0 1.9106332362490185
9 0 7 1 1.9106332362490185
10 0 9 1 1.9106332362490185
:dih
5
4 3 3 1.9106332362490185
2 3 4 3.0497117205177047
4 4 4 2.0943951023931955
2 3 6 2.5261129449194059
10 4 6 1.5707963267948966
:vertices
37 24
-1.86602540378444[(-1+(-1/2)*sqrt(3))] -.5[-1/2] 0[0]
-1.86602540378444[(-1+(-1/2)*sqrt(3))] .5[1/2] 0[0]
-1.36602540378444[(-1/2+(-1/2)*sqrt(3))] -1.36602540378444[(-1/2+(-1/2)*sqrt(3))] 0[0]
-1.36602540378444[(-1/2+(-1/2)*sqrt(3))] 1.36602540378444[(1/2+(1/2)*sqrt(3))] 0[0]
-.866025403784439[(-1/2)*sqrt(3)] -.5[-1/2] 0[0]
-.866025403784439[(-1/2)*sqrt(3)] .5[1/2] 0[0]
-.5[-1/2] -1.86602540378444[(-1+(-1/2)*sqrt(3))] 0[0]
-.5[-1/2] 1.86602540378444[(1+(1/2)*sqrt(3))] 0[0]
0[0] -2[-2] 0[0]
0[0] -1[-1] 0[0]
0[0] 1[1] 0[0]
.5[1/2] 1.86602540378444[(1+(1/2)*sqrt(3))] 0[0]
.866025403784439[(1/2)*sqrt(3)] -1.5[-3/2] 0[0]
.866025403784439[(1/2)*sqrt(3)] -.5[-1/2] 0[0]
.866025403784439[(1/2)*sqrt(3)] .5[1/2] 0[0]
1.36602540378444[(1/2+(1/2)*sqrt(3))] 1.36602540378444[(1/2+(1/2)*sqrt(3))] 0[0]
1.73205080756888[sqrt(3)] -2[-2] 0[0]
1.73205080756888[sqrt(3)] -1[-1] 0[0]
1.86602540378444[(1+(1/2)*sqrt(3))] -.5[-1/2] 0[0]
1.86602540378444[(1+(1/2)*sqrt(3))] .5[1/2] 0[0]
2.73205080756888[(1+sqrt(3))] -1[-1] 0[0]
2.73205080756888[(1+sqrt(3))] 1[1] 0[0]
3.59807621135332[(1+(3/2)*sqrt(3))] -.5[-1/2] 0[0]
3.59807621135332[(1+(3/2)*sqrt(3))] .5[1/2] 0[0]
-7.5085385230411649 .11029307758366377 .10004295642831806
-7.3519353536033448 -.87264719768358896 .0035864243552283792
-6.9131460579393637 .28216807758366472 -.68479256575133134
-6.9043905163128215 .65846903259437171 .67840988867312468
-6.7565428885015436 -.70077219768358791 -.7812490978244208
-6.5911841774371815 -1.3074115179401339 .48549682452694546
-6.3089980512110199 .83034403259437291 -.10642563350652419
-6.1436393401466582 .22370471233782677 1.1603202888448418
-5.9957917123353801 -1.1355365179401324 -.2993386976527033
-5.9870361707088383 -.75923556292942594 1.063863756771752
-5.6169055981796875 -1.5261615179401323 .53962341226347288
-5.5482468750448563 .39557971233782787 .37548476666519296
-5.3916437056070362 -.58736056292942432 .27902823459210317
:EOF
