:name
gyroelongated triangular bicupola (J44)
:number
88
:symbol
	@Q sub 3 @
:sfaces
26 20{3} 6{4}
:svertices
18 6(@3@.@4@.@3@.@4@) 12(@3 sup 4@.@4@)
:net
26 4
3 12 21 16
4 21 12 11 20
3 21 20 26
4 16 21 27 22
3 16 22 17
4 12 16 10 6
3 12 6 5
3 23 14 19
4 14 23 24 15
3 14 15 9
4 19 14 8 13
3 19 13 18
4 23 19 25 29
3 23 29 30
3 0 1 2
3 2 1 3
3 2 3 4
3 4 3 7
3 4 7 11
3 11 7 15
3 11 15 20
3 20 15 24
3 20 24 28
3 28 24 31
3 28 31 32
3 32 31 33
:solid
26 4
3 45 48 40
4 48 45 47 51
3 48 51 46
4 40 48 46 38
3 40 38 34
4 45 40 34 39
3 45 39 47
3 43 44 37
4 44 43 49 50
3 44 50 42
4 37 44 42 36
3 37 36 35
4 43 37 35 41
3 43 41 49
3 38 35 34
3 34 35 36
3 34 36 39
3 39 36 42
3 39 42 47
3 47 42 50
3 47 50 51
3 51 50 49
3 51 49 46
3 46 49 41
3 46 41 38
3 38 41 35
:hinges
25
0 0 1 0 2.1862760354652839
1 3 2 0 2.1862760354652839
0 1 3 0 2.1862760354652839
3 3 4 0 2.1862760354652839
0 2 5 0 2.1862760354652839
5 3 6 0 2.1862760354652839
7 0 8 0 2.1862760354652839
8 3 9 0 2.1862760354652839
7 1 10 0 2.1862760354652839
10 3 11 0 2.1862760354652839
7 2 12 0 2.1862760354652839
12 3 13 0 2.1862760354652839
14 1 15 0 2.5346001497151262
15 2 16 0 2.5346001497151262
16 1 17 0 2.5346001497151262
17 2 18 0 2.5346001497151262
18 1 19 0 2.5346001497151262
19 2 20 0 2.5346001497151262
20 1 21 0 2.5346001497151262
21 2 22 0 2.5346001497151262
22 1 23 0 2.5346001497151262
23 2 24 0 2.5346001497151262
24 1 25 0 2.5346001497151262
1 2 20 2 2.6814372804191828
8 2 21 1 2.6814372804191828
:dih
4
-6 3 3 2.9570800796354482
12 3 3 2.5346001497151262
6 3 4 2.6814372804191828
18 3 4 2.1862760354652839
:vertices
52 34
-.5[-1/2] .288675134594813[(1/6)*sqrt(3)] 0[0]
0[0] -.577350269189626[(-1/3)*sqrt(3)] 0[0]
.5[1/2] .288675134594813[(1/6)*sqrt(3)] 0[0]
1[1] -.577350269189626[(-1/3)*sqrt(3)] 0[0]
1.5[3/2] .288675134594813[(1/6)*sqrt(3)] 0[0]
1.63397459621556[(5/2+(-1/2)*sqrt(3))] .78867513459481301[(1/2+(1/6)*sqrt(3))] 0[0]
1.63397459621556[(5/2+(-1/2)*sqrt(3))] 1.78867513459481[(3/2+(1/6)*sqrt(3))] 0[0]
2[2] -.577350269189626[(-1/3)*sqrt(3)] 0[0]
2.13397459621556[(3+(-1/2)*sqrt(3))] -2.07735026918963[(-3/2+(-1/3)*sqrt(3))] 0[0]
2.13397459621556[(3+(-1/2)*sqrt(3))] -1.07735026918963[(-1/2+(-1/3)*sqrt(3))] 0[0]
2.13397459621556[(3+(-1/2)*sqrt(3))] 2.65470053837925[(3/2+(2/3)*sqrt(3))] 0[0]
2.5[5/2] .288675134594813[(1/6)*sqrt(3)] 0[0]
2.5[5/2] 1.28867513459481[(1+(1/6)*sqrt(3))] 0[0]
2.63397459621556[(7/2+(-1/2)*sqrt(3))] -2.94337567297406[(-3/2+(-5/6)*sqrt(3))] 0[0]
3[3] -1.57735026918963[(-1+(-1/3)*sqrt(3))] 0[0]
3[3] -.577350269189626[(-1/3)*sqrt(3)] 0[0]
3[3] 2.15470053837925[(1+(2/3)*sqrt(3))] 0[0]
3[3] 3.15470053837925[(2+(2/3)*sqrt(3))] 0[0]
3.5[7/2] -3.44337567297406[(-2+(-5/6)*sqrt(3))] 0[0]
3.5[7/2] -2.44337567297406[(-1+(-5/6)*sqrt(3))] 0[0]
3.5[7/2] .288675134594813[(1/6)*sqrt(3)] 0[0]
3.5[7/2] 1.28867513459481[(1+(1/6)*sqrt(3))] 0[0]
3.86602540378444[(3+(1/2)*sqrt(3))] 2.65470053837925[(3/2+(2/3)*sqrt(3))] 0[0]
4[4] -1.57735026918963[(-1+(-1/3)*sqrt(3))] 0[0]
4[4] -.577350269189626[(-1/3)*sqrt(3)] 0[0]
4.36602540378444[(7/2+(1/2)*sqrt(3))] -2.94337567297406[(-3/2+(-5/6)*sqrt(3))] 0[0]
4.36602540378444[(7/2+(1/2)*sqrt(3))] .78867513459481301[(1/2+(1/6)*sqrt(3))] 0[0]
4.36602540378444[(7/2+(1/2)*sqrt(3))] 1.78867513459481[(3/2+(1/6)*sqrt(3))] 0[0]
4.5[9/2] .288675134594813[(1/6)*sqrt(3)] 0[0]
4.86602540378444[(4+(1/2)*sqrt(3))] -2.07735026918963[(-3/2+(-1/3)*sqrt(3))] 0[0]
4.86602540378444[(4+(1/2)*sqrt(3))] -1.07735026918963[(-1/2+(-1/3)*sqrt(3))] 0[0]
5[5] -.577350269189626[(-1/3)*sqrt(3)] 0[0]
5.5[11/2] .288675134594813[(1/6)*sqrt(3)] 0[0]
6[6] -.577350269189626[(-1/3)*sqrt(3)] 0[0]
-2.0373569937610995 5.8508168193569159 -6.5288008404966984
-2.0175281056780067 4.8543154464407515 -6.4476107612161007
-2.0044921416110952 5.423321589368062 -5.6253808219948183
-1.8263100918209433 4.441702877104778 -5.5570005553445684
-1.5525832054297485 5.3031459595593413 -7.210747321883219
-1.5300042533402145 6.2886935089282401 -5.7866032916476892
-1.4433546606675395 6.297082603280811 -7.1981348963897169
-1.1648393100435586 4.474727834373731 -6.8065467757990975
-1.1387673819097351 5.6127401202283512 -5.1620868973565333
-.9736212961865002 4.062115265037758 -5.915936569927565
-.96058533211958776 4.6311214079650683 -5.0937066307062837
-.93600192024665363 6.734959292852135 -6.4559373475407066
-.5604566766775129 5.1933517893330909 -7.1504962544207317
-.53787772458797928 6.1788993387019902 -5.7263522241852016
-.45122813191530281 6.1872884330545607 -7.1378838289272277
-.29911455034219388 4.6641463652340199 -6.3432528511608117
-.28607858627528173 5.2331525081613306 -5.52102291193953
-.053103936256628248 5.6312284789044158 -6.4082987055717234
:EOF
