:name
metabiaugmented hexagonal prism (J56)
:number
100
:symbol
	@m sub 0 @
:sfaces
14 8{3} 4{4} 2{6}
:svertices
14 4(@4 sup 2@.@6@) 2(@3 sup 4@) 8(@3 sup 2@.@4@.@6@)
:net
14 6
6 5 4 9 13 14 10
6 21 20 22 24 25 23
4 4 5 1 0
4 9 4 2 6
4 14 13 20 21
4 5 10 7 3
3 9 12 13
3 9 8 12
3 13 12 18
3 18 12 17
3 14 15 10
3 14 19 15
3 10 15 11
3 11 15 16
:solid
14 6
6 38 34 29 27 31 36
6 32 28 30 35 39 37
4 34 38 39 35
4 29 34 35 30
4 31 27 28 32
4 38 36 37 39
3 29 26 27
3 29 30 26
3 27 26 28
3 28 26 30
3 31 33 36
3 31 32 33
3 36 33 37
3 37 33 32
:hinges
13
0 0 2 0 1.5707963267948966
0 1 3 0 1.5707963267948966
0 3 4 0 1.5707963267948966
0 5 5 0 1.5707963267948966
4 2 1 0 1.5707963267948966
0 2 6 2 2.5261129449194059
7 2 6 0 1.9106332362490185
8 0 6 1 1.9106332362490185
9 0 8 1 1.9106332362490185
0 4 10 2 2.5261129449194059
11 2 10 0 1.9106332362490185
12 0 10 1 1.9106332362490185
13 0 12 1 1.9106332362490185
:dih
5
8 3 3 1.9106332362490185
4 3 4 3.0497117205177047
2 4 4 2.0943951023931955
4 3 6 2.5261129449194059
8 4 6 1.5707963267948966
:vertices
40 26
-1.86602540378444[(-1+(-1/2)*sqrt(3))] -.5[-1/2] 0[0]
-1.86602540378444[(-1+(-1/2)*sqrt(3))] .5[1/2] 0[0]
-1.36602540378444[(-1/2+(-1/2)*sqrt(3))] -1.36602540378444[(-1/2+(-1/2)*sqrt(3))] 0[0]
-1.36602540378444[(-1/2+(-1/2)*sqrt(3))] 1.36602540378444[(1/2+(1/2)*sqrt(3))] 0[0]
-.866025403784439[(-1/2)*sqrt(3)] -.5[-1/2] 0[0]
-.866025403784439[(-1/2)*sqrt(3)] .5[1/2] 0[0]
-.5[-1/2] -1.86602540378444[(-1+(-1/2)*sqrt(3))] 0[0]
-.5[-1/2] 1.86602540378444[(1+(1/2)*sqrt(3))] 0[0]
0[0] -2[-2] 0[0]
0[0] -1[-1] 0[0]
0[0] 1[1] 0[0]
0[0] 2[2] 0[0]
.866025403784439[(1/2)*sqrt(3)] -1.5[-3/2] 0[0]
.866025403784439[(1/2)*sqrt(3)] -.5[-1/2] 0[0]
.866025403784439[(1/2)*sqrt(3)] .5[1/2] 0[0]
.866025403784439[(1/2)*sqrt(3)] 1.5[3/2] 0[0]
.866025403784439[(1/2)*sqrt(3)] 2.5[5/2] 0[0]
1.73205080756888[sqrt(3)] -2[-2] 0[0]
1.73205080756888[sqrt(3)] -1[-1] 0[0]
1.73205080756888[sqrt(3)] 1[1] 0[0]
1.86602540378444[(1+(1/2)*sqrt(3))] -.5[-1/2] 0[0]
1.86602540378444[(1+(1/2)*sqrt(3))] .5[1/2] 0[0]
2.73205080756888[(1+sqrt(3))] -1[-1] 0[0]
2.73205080756888[(1+sqrt(3))] 1[1] 0[0]
3.59807621135332[(1+(3/2)*sqrt(3))] -.5[-1/2] 0[0]
3.59807621135332[(1+(3/2)*sqrt(3))] .5[1/2] 0[0]
-7.5979526133121321 -1.7280813051395942 -4.4873154001410653
-7.237995089078455 -2.0558585103351477 -3.6138208755435989
-7.1086307983295348 -2.5990774903141684 -4.4433858338618638
-6.8173648908638417 -1.2682004392761263 -4.0640041709306196
-6.6880006001149216 -1.8114194192551464 -4.8935691292488843
-6.6706525916358895 -2.701443235303054 -3.102603843859652
-6.54128830088697 -3.2446622152820737 -3.9321688021779169
-6.052089053083006 -3.4871349735446466 -3.0943794148921997
-5.8293921952066632 -1.1261270931850109 -4.0029704346336933
-5.7000279044577424 -1.6693460731640306 -4.8325353929519588
-5.682679895978711 -2.5593698892119388 -3.0415701075627258
-5.5533156052297911 -3.1025888691909583 -3.8711350658809903
-5.2620496977640976 -1.7717118181529175 -3.4917534029497464
-5.1326854070151771 -2.3149307981319368 -4.3213183612680117
:EOF
