:name
augmented truncated tetrahedron (J65)
:number
109
:symbol
	@Q sub 3 @
:sfaces
14 8{3} 3{4} 3{6}
:svertices
15 6(@3@.@6 sup 2@) 3(@3@.@4@.@3@.@4@) 6(@3@.@4@.@3@.@6@)
:net
14 6
4 2 0 1 3
3 2 3 5
6 5 3 4 8 11 9
3 9 12 6
4 12 14 10 7
3 14 12 16
6 12 9 11 15 18 16
3 16 18 19
3 17 15 13
6 18 15 17 20 23 21
3 23 20 24
4 26 22 21 25
3 21 23 25
3 26 25 27
:solid
14 6
4 40 36 32 35
3 40 35 39
6 39 35 30 28 33 38
3 38 41 39
4 41 42 40 39
3 42 41 37
6 41 38 33 29 31 37
3 37 31 34
3 28 29 33
6 31 29 28 30 32 34
3 32 30 35
4 42 37 34 36
3 34 32 36
3 42 36 40
:hinges
13
0 3 1 0 2.1862760354652839
1 1 2 0 2.4619188346815493
2 4 6 1 1.2309594173407747
3 0 6 0 1.9106332362490185
4 0 5 0 2.1862760354652839
5 1 6 5 2.4619188346815493
7 0 6 4 1.9106332362490185
6 3 9 0 1.2309594173407747
8 0 9 1 1.9106332362490185
10 0 9 3 1.9106332362490185
12 0 9 4 2.4619188346815493
11 2 12 2 2.1862760354652839
13 0 11 3 2.1862760354652839
:dih
5
3 3 4 2.8659498543735279
9 3 4 2.1862760354652839
3 3 6 2.4619188346815493
9 3 6 1.9106332362490185
3 6 6 1.2309594173407747
:vertices
43 28
-2.36602540378444[(-3/2+(-1/2)*sqrt(3))] .366025403784439[(-1/2+(1/2)*sqrt(3))] 0[0]
-1.86602540378444[(-1+(-1/2)*sqrt(3))] -.5[-1/2] 0[0]
-1.5[-3/2] .866025403784439[(1/2)*sqrt(3)] 0[0]
-1[-1] 0[0] 0[0]
-.5[-1/2] -.866025403784439[(-1/2)*sqrt(3)] 0[0]
-.5[-1/2] .866025403784439[(1/2)*sqrt(3)] 0[0]
0[0] 1.73205080756888[sqrt(3)] 0[0]
.133974596215561[(1+(-1/2)*sqrt(3))] 2.23205080756888[(1/2+sqrt(3))] 0[0]
.5[1/2] -.866025403784439[(-1/2)*sqrt(3)] 0[0]
.5[1/2] .866025403784439[(1/2)*sqrt(3)] 0[0]
.633974596215561[(3/2+(-1/2)*sqrt(3))] 3.09807621135332[(1/2+(3/2)*sqrt(3))] 0[0]
1[1] 0[0] 0[0]
1[1] 1.73205080756888[sqrt(3)] 0[0]
1.5[3/2] -.866025403784439[(-1/2)*sqrt(3)] 0[0]
1.5[3/2] 2.59807621135332[(3/2)*sqrt(3)] 0[0]
2[2] 0[0] 0[0]
2[2] 1.73205080756888[sqrt(3)] 0[0]
2.5[5/2] -.866025403784439[(-1/2)*sqrt(3)] 0[0]
2.5[5/2] .866025403784439[(1/2)*sqrt(3)] 0[0]
3[3] 1.73205080756888[sqrt(3)] 0[0]
3.5[7/2] -.866025403784439[(-1/2)*sqrt(3)] 0[0]
3.5[7/2] .866025403784439[(1/2)*sqrt(3)] 0[0]
3.5[7/2] 1.86602540378444[(1+(1/2)*sqrt(3))] 0[0]
4[4] 0[0] 0[0]
4.5[9/2] -.866025403784439[(-1/2)*sqrt(3)] 0[0]
4.5[9/2] .866025403784439[(1/2)*sqrt(3)] 0[0]
4.5[9/2] 1.86602540378444[(1+(1/2)*sqrt(3))] 0[0]
5.36602540378444[(9/2+(1/2)*sqrt(3))] 1.36602540378444[(1/2+(1/2)*sqrt(3))] 0[0]
-1.8183867486219196 6.5025986211541636 -3.5560821590056366
-1.7167130253484653 6.9994528252082798 -2.6942246569152594
-1.5563379505735664 5.5391490018647414 -3.6117172067047332
-1.3529905040266574 6.5328574099729738 -1.888002202523979
-1.1926154292517586 5.0725535866294355 -2.8054947523134524
-1.1150393020750105 7.2076318946675819 -3.4653603166803347
-1.0909417059783033 5.5694077906835513 -1.9436372502230755
-.59094170597830409 5.2807326560887372 -3.5766304120785276
-.39388585132316286 4.9103622857183694 -2.2260769037354298
-.3875942594313935 6.2744410641969693 -1.8529154078977729
-.14964305747974782 6.9492155488915776 -3.4302735220541291
.11240574056860624 5.9857659296021545 -3.485908569753225
.20778787195029261 5.1185413551776707 -2.9972125635005049
.21407946384206157 6.4826201336562708 -2.6240510676628478
.30946159522374778 5.615395559231787 -2.1353550614101277
:EOF
