:name
elongated pentagonal dipyramid (J16)
:number
60
:symbol
	@Y sub 5 @
:sfaces
15 10{3} 5{4}
:svertices
12 10(@3 sup 2@.@4 sup 2@) 2(@3 sup 5@)
:net
15 4
4 2 6 3 0
3 6 2 4
3 0 3 1
4 6 10 7 3
3 10 6 8
3 3 7 5
4 10 14 11 7
3 14 10 12
3 7 11 9
4 14 18 15 11
3 18 14 16
3 11 15 13
4 18 21 19 15
3 21 18 20
3 15 19 17
:solid
15 4
4 32 33 31 29
3 33 32 30
3 29 31 25
4 33 28 27 31
3 28 33 30
3 31 27 25
4 28 24 22 27
3 24 28 30
3 27 22 25
4 24 26 23 22
3 26 24 30
3 22 23 25
4 26 32 29 23
3 32 26 30
3 23 29 25
:hinges
14
0 0 1 0 2.2231544665792648
0 2 2 0 2.2231544665792648
3 0 4 0 2.2231544665792648
3 2 5 0 2.2231544665792648
3 3 0 1 1.884955592153876
6 0 7 0 2.2231544665792648
6 2 8 0 2.2231544665792648
6 3 3 1 1.884955592153876
9 0 10 0 2.2231544665792648
9 2 11 0 2.2231544665792648
9 3 6 1 1.884955592153876
12 0 13 0 2.2231544665792648
12 2 14 0 2.2231544665792648
12 3 9 1 1.884955592153876
:dih
3
10 3 3 2.4118649973628269
10 3 4 2.2231544665792648
5 4 4 1.884955592153876
:vertices
34 22
-1[-1] .5[1/2] 0[0]
-.68301270189221901[(-1/4+(-1/4)*sqrt(3))] 2.04903810567666[(3/4+(3/4)*sqrt(3))] 0[0]
-.5[-1/2] -1[-1] 0[0]
.5[1/2] 1[1] 0[0]
.68301270189221901[(1/4+(1/4)*sqrt(3))] -2.04903810567666[(-3/4+(-3/4)*sqrt(3))] 0[0]
.81698729810778101[(5/4+(-1/4)*sqrt(3))] 2.54903810567666[(5/4+(3/4)*sqrt(3))] 0[0]
1[1] -.5[-1/2] 0[0]
2[2] 1.5[3/2] 0[0]
2.18301270189222[(7/4+(1/4)*sqrt(3))] -1.54903810567666[(-1/4+(-3/4)*sqrt(3))] 0[0]
2.31698729810778[(11/4+(-1/4)*sqrt(3))] 3.04903810567666[(7/4+(3/4)*sqrt(3))] 0[0]
2.5[5/2] 0[0] 0[0]
3.5[7/2] 2[2] 0[0]
3.68301270189222[(13/4+(1/4)*sqrt(3))] -1.04903810567666[(1/4+(-3/4)*sqrt(3))] 0[0]
3.81698729810778[(17/4+(-1/4)*sqrt(3))] 3.54903810567666[(9/4+(3/4)*sqrt(3))] 0[0]
4[4] .5[1/2] 0[0]
5[5] 2.5[5/2] 0[0]
5.18301270189222[(19/4+(1/4)*sqrt(3))] -.54903810567665801[(3/4+(-3/4)*sqrt(3))] 0[0]
5.31698729810778[(23/4+(-1/4)*sqrt(3))] 4.04903810567666[(11/4+(3/4)*sqrt(3))] 0[0]
5.5[11/2] 1[1] 0[0]
6.5[13/2] 3[3] 0[0]
6.68301270189222[(25/4+(1/4)*sqrt(3))] -.049038105676658[(5/4+(-3/4)*sqrt(3))] 0[0]
7[7] 1.5[3/2] 0[0]
5.5188195129208637 -.60154351063732701 -7.7860476007217255
5.9823450044832845 -.4470350134498532 -6.2822952132028614
6.0188195129208643 -2.1015435106373273 -7.7860476007217255
6.4694794484237177 .59156165472884851 -7.3704206629442723
6.482345004483285 -1.9470350134498535 -6.2822952132028614
6.7323450044832849 -.19703501344985317 -8.7154176868721871
7.2323450044832852 -1.6970350134498533 -8.7154176868721869
7.4823450044832851 .052964986550146892 -6.2822952132028614
7.4952105605428523 -2.4856316816285547 -7.3704206629442716
7.9458704960457061 .20747348373762083 -7.7860476007217257
7.9823450044832852 -1.4470350134498532 -6.2822952132028612
8.4458704960457065 -1.2925265162623794 -7.7860476007217257
:EOF
