:name
elongated triangular cupola (J18)
:number
62
:symbol
	@Q sub 3 @
:sfaces
14 4{3} 9{4} 1{6}
:svertices
15 6(@4 sup 2@.@6@) 3(@3@.@4@.@3@.@4@) 6(@3@.@4 sup 3@)
:net
14 6
6 15 9 6 8 14 19
4 1 0 2 3
4 3 2 9 10
4 10 9 15 16
4 16 15 22 23
4 23 22 24 25
4 25 24 26 27
3 11 17 12
4 17 11 10 16
3 17 16 20
4 12 17 21 18
3 12 18 13
4 11 12 7 5
3 11 5 4
:solid
14 6
6 42 38 33 31 35 41
4 28 31 33 29
4 29 33 38 36
4 36 38 42 40
4 40 42 41 39
4 39 41 35 34
4 34 35 31 28
3 32 37 30
4 37 32 36 40
3 37 40 39
4 30 37 39 34
3 30 34 28
4 32 30 28 29
3 32 29 36
:hinges
13
1 2 2 0 2.0943951023931955
2 2 3 0 2.0943951023931955
3 2 4 0 2.0943951023931955
4 2 5 0 2.0943951023931955
5 2 6 0 2.0943951023931955
7 0 8 0 2.1862760354652839
8 3 9 0 2.1862760354652839
7 1 10 0 2.1862760354652839
10 3 11 0 2.1862760354652839
7 2 12 0 2.1862760354652839
12 3 13 0 2.1862760354652839
0 0 3 1 1.5707963267948966
3 3 8 2 2.5261129449194059
:dih
5
3 3 4 2.8017557441356713
9 3 4 2.1862760354652839
3 4 4 2.5261129449194059
6 4 4 2.0943951023931955
6 4 6 1.5707963267948966
:vertices
43 28
-.5[-1/2] -.5[-1/2] 0[0]
-.5[-1/2] .5[1/2] 0[0]
.5[1/2] -.5[-1/2] 0[0]
.5[1/2] .5[1/2] 0[0]
.633974596215561[(3/2+(-1/2)*sqrt(3))] 1[1] 0[0]
.633974596215561[(3/2+(-1/2)*sqrt(3))] 2[2] 0[0]
1[1] -1.36602540378444[(-1/2+(-1/2)*sqrt(3))] 0[0]
1.13397459621556[(2+(-1/2)*sqrt(3))] 2.86602540378444[(2+(1/2)*sqrt(3))] 0[0]
1.5[3/2] -2.23205080756888[(-1/2-sqrt(3))] 0[0]
1.5[3/2] -.5[-1/2] 0[0]
1.5[3/2] .5[1/2] 0[0]
1.5[3/2] 1.5[3/2] 0[0]
2[2] 2.36602540378444[(3/2+(1/2)*sqrt(3))] 0[0]
2[2] 3.36602540378444[(5/2+(1/2)*sqrt(3))] 0[0]
2.5[5/2] -2.23205080756888[(-1/2-sqrt(3))] 0[0]
2.5[5/2] -.5[-1/2] 0[0]
2.5[5/2] .5[1/2] 0[0]
2.5[5/2] 1.5[3/2] 0[0]
2.86602540378444[(2+(1/2)*sqrt(3))] 2.86602540378444[(2+(1/2)*sqrt(3))] 0[0]
3[3] -1.36602540378444[(-1/2+(-1/2)*sqrt(3))] 0[0]
3.36602540378444[(5/2+(1/2)*sqrt(3))] 1[1] 0[0]
3.36602540378444[(5/2+(1/2)*sqrt(3))] 2[2] 0[0]
3.5[7/2] -.5[-1/2] 0[0]
3.5[7/2] .5[1/2] 0[0]
4.5[9/2] -.5[-1/2] 0[0]
4.5[9/2] .5[1/2] 0[0]
5.5[11/2] -.5[-1/2] 0[0]
5.5[11/2] .5[1/2] 0[0]
-1.3951807723929663 3.6702991189390126 -1.9274206668950642
-1.2212925932448026 3.6306029422825499 -2.9113856635851883
-1.1058827442424559 2.7172602001401649 -1.8378468416839558
-1.0879244969609685 4.6217928741509576 -1.9115079361323117
-.93199456509429195 2.6775640234837021 -2.8218118383740806
-.91403631781280514 4.5820966974944949 -2.895472932822436
-.67186727220306067 3.4259259259259263 -1.2815883953418245
-.36461099677106346 4.3774196811378712 -1.2656756645790722
-.32409091390673445 3.3465335726130009 -3.2495183887220726
-.20868106490438697 2.4331908304706157 -2.1759795668208413
-.016834638474737003 4.2980273278249459 -3.2336056579593206
.22533440713500768 3.1418565562563772 -1.6197211204787091
.39922258628317041 3.1021603795999144 -2.6036861171688334
.53259068256700488 4.0933503114683222 -1.6038083897159571
.70647886171516806 4.0536541348118594 -2.5877733864060812
:EOF
