:name
gyrobifastigium (J26)
:number
70
:symbol
	@gQ sub 2 @
:sfaces
8 4{3} 4{4}
:svertices
8 4(@3@.@4 sup 2@) 4(@3@.@4@.@3@.@4@)
:net
8 4
4 1 0 2 3
3 5 3 7
4 3 2 6 7
3 2 4 6
3 9 12 13
4 9 7 10 12
3 7 6 10
4 10 6 8 11
:solid
8 4
4 17 18 21 20
3 17 20 15
4 20 21 16 15
3 21 18 16
3 20 19 21
4 20 15 14 19
3 15 16 14
4 14 16 21 19
:hinges
7
0 2 2 0 1.0471975511965977
1 1 2 3 1.5707963267948966
3 2 2 1 1.5707963267948966
6 0 2 2 1.5707963267948966
4 0 5 3 1.5707963267948966
5 1 6 2 1.5707963267948966
7 0 6 1 1.5707963267948966
:dih
3
-4 3 4 2.6179938779914944
8 3 4 1.5707963267948966
2 4 4 1.0471975511965977
:vertices
22 14
-.5[-1/2] -.5[-1/2] 0[0]
-.5[-1/2] .5[1/2] 0[0]
.5[1/2] -.5[-1/2] 0[0]
.5[1/2] .5[1/2] 0[0]
1[1] -1.36602540378444[(-1/2+(-1/2)*sqrt(3))] 0[0]
1[1] 1.36602540378444[(1/2+(1/2)*sqrt(3))] 0[0]
1.5[3/2] -.5[-1/2] 0[0]
1.5[3/2] .5[1/2] 0[0]
2[2] -1.36602540378444[(-1/2+(-1/2)*sqrt(3))] 0[0]
2[2] 1.36602540378444[(1/2+(1/2)*sqrt(3))] 0[0]
2.36602540378444[(3/2+(1/2)*sqrt(3))] 0[0] 0[0]
2.86602540378444[(2+(1/2)*sqrt(3))] -.866025403784439[(-1/2)*sqrt(3)] 0[0]
2.86602540378444[(2+(1/2)*sqrt(3))] .866025403784439[(1/2)*sqrt(3)] 0[0]
2.86602540378444[(2+(1/2)*sqrt(3))] 1.86602540378444[(1+(1/2)*sqrt(3))] 0[0]
2.8660254037844404 1.8660254037844388 -2.0000000000000004
2.8660254037844393 2.3660254037844409 -1.1339745962155615
2.8660254037844392 2.86602540378444 -2.0000000000000008
3.3660254037844405 1.6160254037844405 -1.5669872981077801
3.3660254037844404 2.1160254037844395 -2.4330127018922193
3.8660254037844408 1.8660254037844397 -2
3.8660254037844398 2.3660254037844421 -1.1339745962155608
3.8660254037844397 2.8660254037844411 -2.0000000000000004
:EOF
