:name
elongated triangular orthobicupola (J35)
:number
79
:symbol
	@Q sub 3 @
:sfaces
20 8{3} 12{4}
:svertices
18 6(@3@.@4@.@3@.@4@) 12(@3@.@4 sup 3@)
:net
20 4
3 13 21 16
4 21 13 12 20
3 21 20 26
4 16 21 27 23
3 16 23 17
4 13 16 9 7
3 13 7 6
3 18 10 15
4 10 18 19 11
3 10 11 5
4 15 10 4 8
3 15 8 14
4 18 15 22 24
3 18 24 25
4 1 0 2 3
4 3 2 11 12
4 12 11 19 20
4 20 19 28 29
4 29 28 30 31
4 31 30 32 33
:solid
20 4
3 43 50 46
4 50 43 40 47
3 50 47 51
4 46 50 51 49
3 46 49 41
4 43 46 41 37
3 43 37 40
3 42 35 39
4 35 42 44 36
3 35 36 34
4 39 35 34 38
3 39 38 45
4 42 39 45 48
3 42 48 44
4 41 38 34 37
4 37 34 36 40
4 40 36 44 47
4 47 44 48 51
4 51 48 45 49
4 49 45 38 41
:hinges
19
0 0 1 0 2.1862760354652839
1 3 2 0 2.1862760354652839
0 1 3 0 2.1862760354652839
3 3 4 0 2.1862760354652839
0 2 5 0 2.1862760354652839
5 3 6 0 2.1862760354652839
7 0 8 0 2.1862760354652839
8 3 9 0 2.1862760354652839
7 1 10 0 2.1862760354652839
10 3 11 0 2.1862760354652839
7 2 12 0 2.1862760354652839
12 3 13 0 2.1862760354652839
14 2 15 0 2.0943951023931955
15 2 16 0 2.0943951023931955
16 2 17 0 2.0943951023931955
17 2 18 0 2.0943951023931955
18 2 19 0 2.0943951023931955
1 2 16 3 2.5261129449194059
8 2 16 1 2.5261129449194059
:dih
4
-6 3 4 2.8017557441356713
18 3 4 2.1862760354652839
6 4 4 2.5261129449194059
6 4 4 2.0943951023931955
:vertices
52 34
-.5[-1/2] -.5[-1/2] 0[0]
-.5[-1/2] .5[1/2] 0[0]
.5[1/2] -.5[-1/2] 0[0]
.5[1/2] .5[1/2] 0[0]
.633974596215561[(3/2+(-1/2)*sqrt(3))] -2[-2] 0[0]
.633974596215561[(3/2+(-1/2)*sqrt(3))] -1[-1] 0[0]
.633974596215561[(3/2+(-1/2)*sqrt(3))] 1[1] 0[0]
.633974596215561[(3/2+(-1/2)*sqrt(3))] 2[2] 0[0]
1.13397459621556[(2+(-1/2)*sqrt(3))] -2.86602540378444[(-2+(-1/2)*sqrt(3))] 0[0]
1.13397459621556[(2+(-1/2)*sqrt(3))] 2.86602540378444[(2+(1/2)*sqrt(3))] 0[0]
1.5[3/2] -1.5[-3/2] 0[0]
1.5[3/2] -.5[-1/2] 0[0]
1.5[3/2] .5[1/2] 0[0]
1.5[3/2] 1.5[3/2] 0[0]
2[2] -3.36602540378444[(-5/2+(-1/2)*sqrt(3))] 0[0]
2[2] -2.36602540378444[(-3/2+(-1/2)*sqrt(3))] 0[0]
2[2] 2.36602540378444[(3/2+(1/2)*sqrt(3))] 0[0]
2[2] 3.36602540378444[(5/2+(1/2)*sqrt(3))] 0[0]
2.5[5/2] -1.5[-3/2] 0[0]
2.5[5/2] -.5[-1/2] 0[0]
2.5[5/2] .5[1/2] 0[0]
2.5[5/2] 1.5[3/2] 0[0]
2.86602540378444[(2+(1/2)*sqrt(3))] -2.86602540378444[(-2+(-1/2)*sqrt(3))] 0[0]
2.86602540378444[(2+(1/2)*sqrt(3))] 2.86602540378444[(2+(1/2)*sqrt(3))] 0[0]
3.36602540378444[(5/2+(1/2)*sqrt(3))] -2[-2] 0[0]
3.36602540378444[(5/2+(1/2)*sqrt(3))] -1[-1] 0[0]
3.36602540378444[(5/2+(1/2)*sqrt(3))] 1[1] 0[0]
3.36602540378444[(5/2+(1/2)*sqrt(3))] 2[2] 0[0]
3.5[7/2] -.5[-1/2] 0[0]
3.5[7/2] .5[1/2] 0[0]
4.5[9/2] -.5[-1/2] 0[0]
4.5[9/2] .5[1/2] 0[0]
5.5[11/2] -.5[-1/2] 0[0]
5.5[11/2] .5[1/2] 0[0]
-3.2002473912941505 2.5967072195356311 -7.965857596736401
-3.1140136291323349 3.0242276510523378 -7.0659742604648659
-2.8130323996537081 3.5150210437119596 -7.883612411007753
-2.7788153384039235 2.4997606689047466 -8.8675207218100078
-2.6836825972549206 1.8051712843645317 -7.6393125356927183
-2.5974488350931051 2.2326917158812377 -6.7394291994211825
-2.3916003467634812 3.4180744930810751 -8.7852755360813599
-2.2622505443646939 1.7082247337336476 -8.5409756607663245
-2.2102338434526625 3.1510055400575675 -6.6571840136925347
-2.0043859156856625 2.7689680461757453 -9.4400471030808901
-1.9092526139740353 3.6417989327171893 -7.4748221642354222
-1.7799028115752477 1.9319491733697618 -7.2305222889203866
-1.4878211216464324 1.9774321110046456 -9.113502042037207
-1.4878205610838087 3.544852382086305 -8.3764852893090289
-1.392687819934805 2.8502629975460906 -7.1482771031917389
-1.3584707586850207 1.8350026227388778 -8.1321854139939929
-1.1006061300059904 2.8957459351809757 -9.0312568563085589
-.97125576704457854 2.7533164469152064 -8.0499402282653452
:EOF
