:name
parabiaugmented hexagonal prism (J55)
:number
99
:symbol
	@p sub 0 @
:sfaces
14 8{3} 4{4} 2{6}
:svertices
14 4(@4 sup 2@.@6@) 2(@3 sup 4@) 8(@3 sup 2@.@4@.@6@)
:net
14 6
6 6 5 10 15 16 11
6 21 20 22 24 25 23
4 5 6 1 0
4 10 5 4 8
4 16 15 20 21
4 11 16 17 13
3 10 14 15
3 10 9 14
3 15 14 19
3 19 14 18
3 11 7 6
3 11 12 7
3 6 7 2
3 2 7 3
:solid
14 6
6 31 35 38 37 32 29
6 30 34 36 33 28 27
4 35 31 28 33
4 38 35 33 36
4 32 37 34 30
4 29 32 30 27
3 38 39 37
3 38 36 39
3 37 39 34
3 34 39 36
3 29 26 31
3 29 27 26
3 31 26 28
3 28 26 27
:hinges
13
0 0 2 0 1.5707963267948966
0 1 3 0 1.5707963267948966
0 3 4 0 1.5707963267948966
0 4 5 0 1.5707963267948966
4 2 1 0 1.5707963267948966
0 2 6 2 2.5261129449194059
7 2 6 0 1.9106332362490185
8 0 6 1 1.9106332362490185
9 0 8 1 1.9106332362490185
0 5 10 2 2.5261129449194059
11 2 10 0 1.9106332362490185
12 0 10 1 1.9106332362490185
13 0 12 1 1.9106332362490185
:dih
5
8 3 3 1.9106332362490185
4 3 4 3.0497117205177047
2 4 4 2.0943951023931955
4 3 6 2.5261129449194059
8 4 6 1.5707963267948966
:vertices
40 26
-1.86602540378444[(-1+(-1/2)*sqrt(3))] -.5[-1/2] 0[0]
-1.86602540378444[(-1+(-1/2)*sqrt(3))] .5[1/2] 0[0]
-1.73205080756888[-sqrt(3)] 1[1] 0[0]
-1.73205080756888[-sqrt(3)] 2[2] 0[0]
-1.36602540378444[(-1/2+(-1/2)*sqrt(3))] -1.36602540378444[(-1/2+(-1/2)*sqrt(3))] 0[0]
-.866025403784439[(-1/2)*sqrt(3)] -.5[-1/2] 0[0]
-.866025403784439[(-1/2)*sqrt(3)] .5[1/2] 0[0]
-.866025403784439[(-1/2)*sqrt(3)] 1.5[3/2] 0[0]
-.5[-1/2] -1.86602540378444[(-1+(-1/2)*sqrt(3))] 0[0]
0[0] -2[-2] 0[0]
0[0] -1[-1] 0[0]
0[0] 1[1] 0[0]
0[0] 2[2] 0[0]
.5[1/2] 1.86602540378444[(1+(1/2)*sqrt(3))] 0[0]
.866025403784439[(1/2)*sqrt(3)] -1.5[-3/2] 0[0]
.866025403784439[(1/2)*sqrt(3)] -.5[-1/2] 0[0]
.866025403784439[(1/2)*sqrt(3)] .5[1/2] 0[0]
1.36602540378444[(1/2+(1/2)*sqrt(3))] 1.36602540378444[(1/2+(1/2)*sqrt(3))] 0[0]
1.73205080756888[sqrt(3)] -2[-2] 0[0]
1.73205080756888[sqrt(3)] -1[-1] 0[0]
1.86602540378444[(1+(1/2)*sqrt(3))] -.5[-1/2] 0[0]
1.86602540378444[(1+(1/2)*sqrt(3))] .5[1/2] 0[0]
2.73205080756888[(1+sqrt(3))] -1[-1] 0[0]
2.73205080756888[(1+sqrt(3))] 1[1] 0[0]
3.59807621135332[(1+(3/2)*sqrt(3))] -.5[-1/2] 0[0]
3.59807621135332[(1+(3/2)*sqrt(3))] .5[1/2] 0[0]
-3.0863191059708315 -.54409943808759837 -5.4949924166432743
-2.8422651783017425 -.85186048131793177 -6.4146232233581592
-2.5202684257451628 -1.3596064056283078 -5.6155536596221723
-2.440207990694969 -.014392047779700892 -6.0444926508290099
-2.2609690834113722 -.77300330239362829 -7.2244851840633816
-2.1182112381383892 -.52213797209007637 -5.2454230870930233
-1.8589118958045982 .064465131144602728 -6.8543546115342321
-1.6169755782982126 -1.7884951510143792 -5.6263460565914074
-1.3576762359644223 -1.2018920477797001 -7.2352775810326171
-1.2149183906914384 -.95102671747614804 -5.2562154840622587
-1.0356794834078422 -1.7096379720900751 -6.4362080172966299
-.95561904835764764 -.36442361424146912 -6.8651470085034675
-.63362229580106765 -.8721695385518446 -6.0660774447674806
-.38956836813197857 -1.1799305817821768 -6.9857082514823653
:EOF
